fjdslkfjdl # tttttt
fjdlsjfkl # .3a oooolll
rwrewrew # fjdslkjfdl
fjdlskjfldjflj #ka rewrewrew
fjdlskjfldjflj #xa rewrewrew
fjdlskjfldjflj #123a rewrewrew
fjdlskjfldjflj #456a rewrewrew
fjdlskjfldjflj #da rewrewrew
fjdslkfjdl 96f56bf tttttt
fjdlsjfkl 180521498 oooolll
rwrewrew 22810538 fjdslkjfdl
fjdlskjfldjflj 2ef7c9 rewrewrew
fjdlskjfldjflj 5880880 rewrewrew
fjdlskjfldjflj 52118298 rewrewrew
fjdlskjfldjflj 225144 rewrewrew
fjdlskjfldjflj 5977a7 rewrewrew
-500
-666
-299
-664
-664
-297
-662
-662
-295
-660
-660
-293
-658
-658
-291
-656
-656
-28f
-654
-654
-28d
-652
-652
-28b
-650
-650
-289
-648
-648
-287
-646
-646
-285
-644
-644
-283
-642
-642
-281
-640
-640
-27f
-638
-638
-27d
-636
-636
-27b
-634
-634
-279
-632
-632
-277
-630
-630
-275
-628
-628
-273
-626
-626
-271
-624
-624
-26f
-622
-622
-26d
-620
-620
-26b
-618
-618
-269
-616
-616
-267
-614
-614
-265
-612
-612
-263
-610
-610
-261
-608
-608
-25f
-606
-606
-25d
-604
-604
-25b
-602
-602
-259
-600
-600
-257
-598
-598
-255
-596
-596
-253
-594
-594
-251
-592
-592
-24f
-590
-590
-24d
-588
-588
-24b
-586
-586
-249
-584
-584
-247
-582
-582
-245
-580
-580
-243
-578
-578
-241
-576
-576
-23f
-574
-574
-23d
-572
-572
-23b
-570
-570
-239
-568
-568
-237
-566
-566
-235
-564
-564
-233
-562
-562
-231
-560
-560
-22f
-558
-558
-22d
-556
-556
-22b
-554
-554
-229
-552
-552
-227
-550
-550
-225
-548
-548
-223
-546
-546
-221
-544
-544
-21f
-542
-542
-21d
-540
-540
-21b
-538
-538
-219
-536
-536
-217
-534
-534
-215
-532
-532
-213
-530
-530
-211
-528
-528
-20f
-526
-526
-20d
-524
-524
-20b
-522
-522
-209
-520
-520
-207
-518
-518
-205
-516
-516
-203
-514
-514
-201
-512
-512
-1ff
-510
-510
-1fd
-508
-508
-1fb
-506
-506
-1f9
-504
-504
-1f7
-502
-502
-1f5
-500
-500
-1f3
-498
-498
-1f1
-496
-496
-1ef
-494
-494
-1ed
-492
-492
-1eb
-490
-490
-1e9
-488
-488
-1e7
-486
-486
-1e5
-484
-484
-1e3
-482
-482
-1e1
-480
-480
-1df
-478
-478
-1dd
-476
-476
-1db
-474
-474
-1d9
-472
-472
-1d7
-470
-470
-1d5
-468
-468
-1d3
-466
-466
-1d1
-464
-464
-1cf
-462
-462
-1cd
-460
-460
-1cb
-458
-458
-1c9
-456
-456
-1c7
-454
-454
-1c5
-452
-452
-1c3
-450
-450
-1c1
-448
-448
-1bf
-446
-446
-1bd
-444
-444
-1bb
-442
-442
-1b9
-440
-440
-1b7
-438
-438
-1b5
-436
-436
-1b3
-434
-434
-1b1
-432
-432
-1af
-430
-430
-1ad
-428
-428
-1ab
-426
-426
-1a9
-424
-424
-1a7
-422
-422
-1a5
-420
-420
-1a3
-418
-418
-1a1
-416
-416
-19f
-414
-414
-19d
-412
-412
-19b
-410
-410
-199
-408
-408
-197
-406
-406
-195
-404
-404
-193
-402
-402
-191
-400
-400
-18f
-398
-398
-18d
-396
-396
-18b
-394
-394
-189
-392
-392
-187
-390
-390
-185
-388
-388
-183
-386
-386
-181
-384
-384
-17f
-382
-382
-17d
-380
-380
-17b
-378
-378
-179
-376
-376
-177
-374
-374
-175
-372
-372
-173
-370
-370
-171
-368
-368
-16f
-366
-366
-16d
-364
-364
-16b
-362
-362
-169
-360
-360
-167
-358
-358
-165
-356
-356
-163
-354
-354
-161
-352
-352
-15f
-350
-350
-15d
-348
-348
-15b
-346
-346
-159
-344
-344
-157
-342
-342
-155
-340
-340
-153
-338
-338
-151
-336
-336
-14f
-334
-334
-14d
-332
-332
-14b
-330
-330
-149
-328
-328
-147
-326
-326
-145
-324
-324
-143
-322
-322
-141
-320
-320
-13f
-318
-318
-13d
-316
-316
-13b
-314
-314
-139
-312
-312
-137
-310
-310
-135
-308
-308
-133
-306
-306
-131
-304
-304
-12f
-302
-302
-12d
-300
-300
-12b
-298
-298
-129
-296
-296
-127
-294
-294
-125
-292
-292
-123
-290
-290
-121
-288
-288
-11f
-286
-286
-11d
-284
-284
-11b
-282
-282
-119
-280
-280
-117
-278
-278
-115
-276
-276
-113
-274
-274
-111
-272
-272
-10f
-270
-270
-10d
-268
-268
-10b
-266
-266
-109
-264
-264
-107
-262
-262
-105
-260
-260
-103
-258
-258
-101
-256
-256
-ff
-254
-254
-fd
-252
-252
-fb
-250
-250
-f9
-248
-248
-f7
-246
-246
-f5
-244
-244
-f3
-242
-242
-f1
-240
-240
-ef
-238
-238
-ed
-236
-236
-eb
-234
-234
-e9
-232
-232
-e7
-230
-230
-e5
-228
-228
-e3
-226
-226
-e1
-224
-224
-df
-222
-222
-dd
-220
-220
-db
-218
-218
-d9
-216
-216
-d7
-214
-214
-d5
-212
-212
-d3
-210
-210
-d1
-208
-208
-cf
-206
-206
-cd
-204
-204
-cb
-202
-202
-c9
-200
-200
-c7
-198
-198
-c5
-196
-196
-c3
-194
-194
-c1
-192
-192
-bf
-190
-190
-bd
-188
-188
-bb
-186
-186
-b9
-184
-184
-b7
-182
-182
-b5
-180
-180
-b3
-178
-178
-b1
-176
-176
-af
-174
-174
-ad
-172
-172
-ab
-170
-170
-a9
-168
-168
-a7
-166
-166
-a5
-164
-164
-a3
-162
-162
-a1
-160
-160
-9f
-158
-158
-9d
-156
-156
-9b
-154
-154
-99
-152
-152
-97
-150
-150
-95
-148
-148
-93
-146
-146
-91
-144
-144
-8f
-142
-142
-8d
-140
-140
-8b
-138
-138
-89
-136
-136
-87
-134
-134
-85
-132
-132
-83
-130
-130
-81
-128
-128
-7f
-126
-126
-7d
-124
-124
-7b
-122
-122
-79
-120
-120
-77
-118
-118
-75
-116
-116
-73
-114
-114
-71
-112
-112
-6f
-110
-110
-6d
-108
-108
-6b
-106
-106
-69
-104
-104
-67
-102
-102
-65
-100
-100
-63
-98
-98
-61
-96
-96
-5f
-94
-94
-5d
-92
-92
-5b
-90
-90
-59
-88
-88
-57
-86
-86
-55
-84
-84
-53
-82
-82
-51
-80
-80
-4f
-78
-78
-4d
-76
-76
-4b
-74
-74
-49
-72
-72
-47
-70
-70
-45
-68
-68
-43
-66
-63
-98
-61
-96
-5f
-94
-5d
-92
-5b
-90
-59
-88
-57
-86
-55
-84
-53
-82
-51
-80
-4f
-78
-4d
-76
-4b
-74
-49
-72
-47
-70
-45
-68
-43
-66
-41
-64
-3f
-62
-3d
-60
-3b
-58
-39
-56
-37
-54
-35
-52
-33
-50
-31
-48
-2f
-46
-2d
-44
-2b
-42
-29
-40
-27
-38
-25
-36
-23
-34
-21
-32
-1f
-30
-1d
-28
-1b
-26
-19
-24
-17
-22
-15
-20
-13
-18
-11
-16
-f
-14
-d
-12
-b
-10
-18
-16
-14
-12
-10
-8
-6
-4
-2
0
2
4
6
8
10
12
14
16
18
10
b
12
d
14
f
16
11
18
13
20
15
22
17
24
19
26
1b
28
1d
30
1f
32
21
34
23
36
25
38
27
40
29
42
2b
44
2d
46
2f
48
31
50
33
52
35
54
37
56
39
58
3b
60
3d
62
3f
64
41
66
43
68
45
70
47
72
49
74
4b
76
4d
78
4f
80
51
82
53
84
55
86
57
88
59
90
5b
92
5d
94
5f
96
61
98
63
66
43
68
68
45
70
70
47
72
72
49
74
74
4b
76
76
4d
78
78
4f
80
80
51
82
82
53
84
84
55
86
86
57
88
88
59
90
90
5b
92
92
5d
94
94
5f
96
96
61
98
98
63
100
100
65
102
102
67
104
104
69
106
106
6b
108
108
6d
110
110
6f
112
112
71
114
114
73
116
116
75
118
118
77
120
120
79
122
122
7b
124
124
7d
126
126
7f
128
128
81
130
130
83
132
132
85
134
134
87
136
136
89
138
138
8b
140
140
8d
142
142
8f
144
144
91
146
146
93
148
148
95
150
150
97
152
152
99
154
154
9b
156
156
9d
158
158
9f
160
160
a1
162
162
a3
164
164
a5
166
166
a7
168
168
a9
170
170
ab
172
172
ad
174
174
af
176
176
b1
178
178
b3
180
180
b5
182
182
b7
184
184
b9
186
186
bb
188
188
bd
190
190
bf
192
192
c1
194
194
c3
196
196
c5
198
198
c7
200
200
c9
202
202
cb
204
204
cd
206
206
cf
208
208
d1
210
210
d3
212
212
d5
214
214
d7
216
216
d9
218
218
db
220
220
dd
222
222
df
224
224
e1
226
226
e3
228
228
e5
230
230
e7
232
232
e9
234
234
eb
236
236
ed
238
238
ef
240
240
f1
242
242
f3
244
244
f5
246
246
f7
248
248
f9
250
250
fb
252
252
fd
254
254
ff
256
256
101
258
258
103
260
260
105
262
262
107
264
264
109
266
266
10b
268
268
10d
270
270
10f
272
272
111
274
274
113
276
276
115
278
278
117
280
280
119
282
282
11b
284
284
11d
286
286
11f
288
288
121
290
290
123
292
292
125
294
294
127
296
296
129
298
298
12b
300
300
12d
302
302
12f
304
304
131
306
306
133
308
308
135
310
310
137
312
312
139
314
314
13b
316
316
13d
318
318
13f
320
320
141
322
322
143
324
324
145
326
326
147
328
328
149
330
330
14b
332
332
14d
334
334
14f
336
336
151
338
338
153
340
340
155
342
342
157
344
344
159
346
346
15b
348
348
15d
350
350
15f
352
352
161
354
354
163
356
356
165
358
358
167
360
360
169
362
362
16b
364
364
16d
366
366
16f
368
368
171
370
370
173
372
372
175
374
374
177
376
376
179
378
378
17b
380
380
17d
382
382
17f
384
384
181
386
386
183
388
388
185
390
390
187
392
392
189
394
394
18b
396
396
18d
398
398
18f
400
400
191
402
402
193
404
404
195
406
406
197
408
408
199
410
410
19b
412
412
19d
414
414
19f
416
416
1a1
418
418
1a3
420
420
1a5
422
422
1a7
424
424
1a9
426
426
1ab
428
428
1ad
430
430
1af
432
432
1b1
434
434
1b3
436
436
1b5
438
438
1b7
440
440
1b9
442
442
1bb
444
444
1bd
446
446
1bf
448
448
1c1
450
450
1c3
452
452
1c5
454
454
1c7
456
456
1c9
458
458
1cb
460
460
1cd
462
462
1cf
464
464
1d1
466
466
1d3
468
468
1d5
470
470
1d7
472
472
1d9
474
474
1db
476
476
1dd
478
478
1df
480
480
1e1
482
482
1e3
484
484
1e5
486
486
1e7
488
488
1e9
490
490
1eb
492
492
1ed
494
494
1ef
496
496
1f1
498
498
1f3
500
500
1f5
502
502
1f7
504
504
1f9
506
506
1fb
508
508
1fd
510
510
1ff
512
512
201
514
514
203
516
516
205
518
518
207
520
520
209
522
522
20b
524
524
20d
526
526
20f
528
528
211
530
530
213
532
532
215
534
534
217
536
536
219
538
538
21b
540
540
21d
542
542
21f
544
544
221
546
546
223
548
548
225
550
550
227
552
552
229
554
554
22b
556
556
22d
558
558
22f
560
560
231
562
562
233
564
564
235
566
566
237
568
568
239
570
570
23b
572
572
23d
574
574
23f
576
576
241
578
578
243
580
580
245
582
582
247
584
584
249
586
586
24b
588
588
24d
590
590
24f
592
592
251
594
594
253
596
596
255
598
598
257
600
600
259
602
602
25b
604
604
25d
606
606
25f
608
608
261
610
610
263
612
612
265
614
614
267
616
616
269
618
618
26b
620
620
26d
622
622
26f
624
624
271
626
626
273
628
628
275
630
630
277
632
632
279
634
634
27b
636
636
27d
638
638
27f
640
640
281
642
642
283
644
644
285
646
646
287
648
648
289
650
650
28b
652
652
28d
654
654
28f
656
656
291
658
658
293
660
660
295
662
662
297
664
664
299
666
500
fjdslkfjdl # .13a tttttt
fjdlsjfkl #. 13a oooolll
rwrewrew #.-=23413a fjdslkjfdl
fjdlskjfldjflj #.13 a rewrewrew
fjdlskjfldjflj # . 1 3 a rewrewrew
fjdlskjfldjflj #.X a rewrewrew
fjdlskjfldjflj #. Xa rewrewrew
fjdlskjfldjflj # .Xa rewrewrew
